C	I	D	0	0	0	4	4	6	5	5	6
C	I	D	0	8	5	6	6	8	7	7	7
C	I	D	0	0	0	0	3	6	3	1	4
C	I	D	0	0	0	0	3	6	3	1	4
C	I	D	0	1	0	1	1	3	9	7	8
C	I	D	0	0	0	1	2	3	6	3	1
C	I	D	0	0	0	2	1	6	2	3	9
C	I	D	0	0	0	1	2	3	5	9	6
C	I	D	0	0	0	1	4	8	1	2	1
S
C	I	D	0	0	0	0	6	0	7	5	0
C	I	D	0	0	0	4	4	6	5	5	6
C	I	D	0	0	0	4	4	6	5	5	6
S
C	I	D	0	0	0	0	0	5	0	7	3
C	I	D	0	0	0	4	4	6	5	5	6
C	I	D	0	0	0	4	4	6	5	5	6
C	I	D	0	0	0	4	4	6	5	5	6
C	I	D	0	0	0	1	7	6	8	7	0
C	I	D	0	0	0	4	4	6	5	5	6
C	I	D	0	0	0	1	7	6	8	7	0
C	I	D	0	0	0	4	4	6	5	5	6
C	I	D	0	0	0	4	4	6	5	5	6
C	I	D	0	0	0	4	4	6	5	5	6
C	I	D	0	5	4	6	7	1	2	0	3
C	I	D	0	0	0	4	4	6	5	5	6
P
C	I	D	0	0	0	0	3	6	3	1	4
C	I	D	0	0	0	4	4	6	5	5	6
C	I	D	0	0	0	0	6	0	7	5	0
C	I	D	0	0	0	4	4	6	5	5	6
C	I	D	0	0	0	1	4	8	1	2	4
C	I	D	0	0	0	1	4	8	1	2	4
C	I	D	0	0	0	1	7	6	8	7	0
C	I	D	0	0	0	1	4	8	1	2	4
R
P
C	I	D	0	1	1	2	2	6	8	3	4
C	I	D	0	0	0	1	4	8	1	2	4
C	I	D	0	0	0	1	7	6	8	7	0
C	I	D	0	0	0	1	7	6	8	7	0
A
C	I	D	0	0	3	0	6	2	3	1	6
C	I	D	0	0	0	0	3	8	9	0	4
C	I	D	0	0	0	1	7	6	8	7	0
C	I	D	0	0	0	1	4	8	1	2	4
C	I	D	0	0	0	0	3	6	3	1	4
C	I	D	0	0	0	1	7	6	8	7	1
C	I	D	0	0	3	0	8	1	3	6	1
C	I	D	0	2	5	1	0	2	8	4	7
C	I	D	0	7	1	4	9	6	4	5	8
C	I	D	0	0	0	1	7	6	8	7	0
C	I	D	0	0	0	4	4	6	5	5	6
C	I	D	0	1	1	3	2	6	7	1	5
C	I	D	0	0	0	1	7	6	8	7	1
A
E
C	I	D	0	0	0	1	4	8	1	2	4
C	I	D	0	2	2	0	2	4	9	1	5
C	I	D	0	0	0	4	4	6	5	5	6
C	I	D	0	0	0	0	3	6	4	6	2
C	I	D	0	0	0	1	7	6	8	7	0
C	I	D	0	0	9	8	5	4	0	7	3
C	I	D	0	0	0	1	7	6	8	7	0
C	I	D	0	0	0	0	6	0	9	5	3
C	I	D	0	0	0	1	7	6	8	7	0
C	I	D	0	0	0	0	0	5	3	1	1
P
C	I	D	0	5	6	9	5	2	0	1	6
C	I	D	0	0	0	1	7	6	8	7	1
C	I	D	0	0	0	1	2	3	5	9	6
C	I	D	0	0	0	0	3	8	9	0	4
C	I	D	0	0	0	0	6	0	7	5	0
C	I	D	0	0	0	0	3	6	3	1	4
C	I	D	0	0	0	0	3	8	9	0	4
C	I	D	0	0	0	0	0	2	7	6	7
C	I	D	0	0	6	4	4	2	1	7	7
C	I	D	0	0	0	0	5	4	4	5	4
C	I	D	0	0	5	3	8	1	2	2	6
C	I	D	0	0	0	0	0	2	7	6	7
C	I	D	0	0	0	0	0	2	7	6	7
C	I	D	0	1	1	5	1	1	1	2	0
C	I	D	0	0	0	0	0	5	3	1	1
C	I	D	0	0	0	0	0	7	1	8	7
C	I	D	0	0	0	2	1	6	2	3	9
C	I	D	0	0	0	0	6	0	7	5	0
C	I	D	0	0	0	0	0	2	7	6	7
C	I	D	0	0	0	0	0	2	7	6	7
C	I	D	0	0	0	3	8	7	4	4	7
M
C	I	D	0	0	0	0	3	8	9	0	4
C	I	D	0	1	1	7	0	7	1	1	0
C	I	D	0	0	0	4	4	6	5	5	6
C	I	D	0	8	5	6	6	8	7	7	7
C	I	D	0	1	0	1	1	3	9	7	8
C	I	D	0	0	0	1	4	8	1	2	4
C	I	D	0	0	0	0	6	0	7	5	0
C	I	D	0	0	0	0	3	8	9	0	4
C	I	D	0	0	0	0	3	8	9	0	4
C	I	D	0	0	0	0	0	2	7	6	7
C	I	D	0	0	0	0	3	8	9	0	4
C	I	D	0	0	6	4	4	2	1	7	7
C	I	D	0	0	0	4	4	6	5	5	6
C	I	D	0	0	0	1	7	6	8	7	0
C	I	D	0	0	3	0	8	1	3	6	1
C	I	D	0	0	0	4	4	6	5	5	6
C	I	D	0	2	3	7	2	4	9	7	8
C	I	D	0	0	0	1	7	6	8	7	0
C	I	D	0	0	0	1	2	3	6	3	1
C	I	D	0	0	3	0	3	5	2	4	1
C	I	D	0	0	0	0	0	5	0	7	3
I
B
C	I	D	0	2	4	8	0	1	5	8	0
A
C	I	D	0	0	0	1	7	6	8	7	0
C	I	D	0	0	0	4	4	6	5	5	6
C	I	D	0	0	0	0	3	6	3	1	4
C	I	D	0	0	0	1	7	6	8	7	0
C	I	D	0	0	0	1	2	3	6	3	1
C	I	D	0	0	0	0	3	8	9	0	4
C	I	D	0	0	0	1	7	6	8	7	1
C	I	D	0	0	0	0	3	8	9	0	4
C	I	D	0	0	0	0	3	8	9	0	4
C	I	D	0	0	0	0	3	8	9	0	4
C	I	D	0	0	0	1	4	8	1	2	4
V
C	I	D	0	0	0	1	4	8	1	2	4
C	I	D	0	0	3	0	8	1	3	6	1
C	I	D	0	0	0	0	3	6	3	1	4
C	I	D	0	0	9	8	8	7	0	5	3
B
V
C	I	D	0	0	0	0	0	2	9	0	7
C	I	D	0	1	0	1	8	4	6	5	3
C	I	D	0	1	1	5	5	6	7	1	1
C	I	D	0	0	0	1	7	6	8	7	0
A
C	I	D	0	0	0	0	6	0	7	5	0
F
C	I	D	0	0	0	0	6	8	7	4	0
C	I	D	0	0	0	0	0	4	0	5	4
C	I	D	0	0	0	1	4	6	5	7	0
C	I	D	0	0	0	1	7	6	8	7	0
n
C	I	D	0	0	0	0	0	0	9	4	2
A
C	I	D	0	1	0	1	8	4	6	5	3
C	I	D	0	0	0	0	6	0	6	9	9
