C	I	D	0	8	5	6	6	8	7	7	7
C	I	D	0	0	0	4	4	6	5	5	6
C	I	D	0	0	0	0	6	0	7	5	0
C	I	D	0	0	0	0	3	8	9	0	4
C	I	D	0	0	0	1	7	6	8	7	0
C	I	D	0	0	0	0	0	5	0	7	3
C	I	D	0	0	0	1	7	6	8	7	0
C	I	D	0	0	0	0	3	6	3	1	4
C	I	D	0	0	0	1	7	6	8	7	0
C	I	D	0	0	0	0	0	5	0	7	3
C	I	D	0	0	0	0	0	2	7	6	7
C	I	D	0	0	0	0	0	2	7	6	7
C	I	D	0	0	0	1	4	8	1	2	4
C	I	D	0	0	0	0	0	5	0	7	3
C	I	D	0	0	0	1	4	8	1	2	4
C	I	D	0	0	0	0	3	8	9	0	4
C	I	D	0	0	0	0	0	2	7	6	7
C	I	D	0	0	0	1	4	8	1	2	4
C	I	D	0	1	1	5	1	1	1	2	0
C	I	D	0	0	0	0	3	8	9	0	4
C	I	D	0	0	0	0	6	0	7	8	0
C	I	D	0	0	0	0	0	2	7	6	7
C	I	D	0	0	0	1	7	6	8	7	0
C	I	D	0	0	0	0	3	8	9	0	4
C	I	D	0	0	0	1	7	6	8	7	0
C	I	D	0	0	0	0	6	0	7	5	0
C	I	D	0	0	0	1	7	6	8	7	0
C	I	D	0	0	0	0	3	8	9	0	4
C	I	D	0	0	0	0	0	5	0	7	3
C	I	D	0	0	0	0	0	2	7	6	7
B
C	I	D	0	5	1	0	3	9	0	9	5
C	I	D	0	0	0	1	7	6	8	7	0
C	I	D	0	0	0	0	9	4	9	9	4
A
C	I	D	0	0	0	1	7	6	8	7	0
P
C	I	D	0	0	0	4	4	6	5	5	6
C	I	D	0	0	0	1	2	3	6	3	1
C	I	D	0	0	0	0	6	0	7	5	0
C	I	D	0	0	0	0	6	0	7	5	0
C	I	D	0	0	0	1	4	8	1	2	4
C	I	D	0	0	0	1	7	6	8	7	0
C	I	D	0	0	0	0	3	6	3	1	4
C	I	D	0	0	0	0	0	5	0	7	3
C	I	D	0	0	0	3	8	7	4	4	7
C	I	D	0	0	0	0	3	8	9	0	4
C	I	D	0	0	0	0	0	2	6	6	2
C	I	D	0	0	0	1	7	6	8	7	0
C	I	D	0	0	0	1	7	6	8	7	0
C	I	D	0	0	0	0	5	5	2	8	3
R
C	I	D	0	0	5	3	2	9	1	0	2
C	I	D	0	0	0	0	0	5	0	7	3
C	I	D	0	0	0	0	0	5	3	9	4
C	I	D	0	0	0	4	4	6	1	5	7
E
C	I	D	0	0	3	0	8	1	3	6	1
C	I	D	0	0	0	1	2	3	6	3	1
C	I	D	0	0	0	0	0	2	7	6	7
C	I	D	0	0	0	0	0	2	7	6	7
C	I	D	0	0	0	0	0	3	6	5	2
C	I	D	0	0	9	8	5	4	0	7	3
P
C	I	D	0	0	0	1	4	8	1	2	4
C	I	D	0	0	0	0	0	5	0	7	3
C	I	D	0	0	0	0	3	6	3	1	4
C	I	D	0	2	4	8	0	1	5	8	0
B
C	I	D	0	0	0	4	4	6	5	5	6
C	I	D	0	0	0	0	3	6	3	1	4
C	I	D	0	0	0	0	3	6	3	1	4
C	I	D	0	0	0	1	2	3	5	9	6
C	I	D	0	0	0	0	3	8	9	0	4
C	I	D	0	0	0	1	4	8	1	2	4
C	I	D	0	0	0	0	6	0	7	5	0
C	I	D	0	0	0	1	2	3	6	3	1
A
A
C	I	D	0	0	0	1	4	8	1	2	4
C	I	D	0	0	0	0	6	0	7	5	0
C	I	D	0	0	0	0	0	5	0	7	3
C	I	D	0	0	0	3	8	7	4	4	7
C	I	D	0	0	0	0	0	7	1	8	7
C	I	D	0	0	0	0	0	5	0	7	3
C	I	D	0	0	0	4	4	6	5	5	6
C	I	D	0	0	0	4	4	6	5	5	6
C	I	D	0	0	0	4	4	6	5	5	6
C	I	D	0	0	0	4	4	6	5	5	6
C	I	D	0	0	0	1	7	6	8	7	0
C	I	D	0	0	0	0	3	6	3	1	4
C	I	D	0	0	0	1	4	8	1	2	4
C	I	D	0	0	0	4	0	6	5	6	3
C	I	D	0	0	0	1	7	6	8	7	0
C	I	D	0	0	0	4	4	6	5	5	6
C	I	D	0	0	0	0	6	0	7	5	0
C	I	D	0	0	0	4	4	6	5	5	6
C	I	D	0	0	0	4	4	6	5	5	6
C	I	D	0	0	0	0	3	6	3	1	4
C	I	D	0	0	0	1	4	8	1	2	4
C	I	D	0	0	0	0	3	6	3	1	4
C	I	D	0	0	0	1	4	8	1	2	4
C	I	D	0	0	0	0	6	0	7	5	0
C	I	D	0	2	4	8	0	1	5	8	0
C	I	D	0	0	0	4	4	6	5	5	6
C	I	D	0	0	6	9	1	8	2	8	9
C	I	D	0	0	0	0	3	8	9	0	4
C	I	D	0	0	0	0	0	3	6	5	2
C	I	D	0	0	0	4	4	6	5	5	6
C	I	D	0	0	0	1	7	6	8	7	0
B
B
C	I	D	0	0	5	2	8	4	6	1	6
C	I	D	0	0	0	0	0	2	7	6	7
C	I	D	0	0	0	1	7	6	8	7	1
M
C	I	D	0	0	0	0	0	2	7	6	7
C	I	D	0	0	0	0	3	8	9	0	4
C	I	D	0	0	0	0	9	4	9	9	4
C	I	D	0	0	0	1	4	8	1	2	4
C	I	D	0	0	0	0	3	6	3	1	4
C	I	D	0	0	0	0	6	0	7	5	0
C	I	D	0	0	0	1	4	8	1	2	4
p
C	I	D	0	0	0	4	4	6	5	5	6
C	I	D	0	0	0	0	3	8	9	0	4
P
C	I	D	0	2	3	6	2	4	2	5	5
C	I	D	0	0	0	0	0	5	0	7	3
C	I	D	0	0	0	0	6	0	8	4	3
C	I	D	0	0	0	4	4	6	5	5	6
C	I	D	0	0	0	0	0	5	0	7	3
V
C	I	D	0	0	0	4	4	4	7	9	5
C	I	D	0	0	0	1	7	6	8	7	0
C	I	D	0	0	0	0	0	5	7	4	3
P
O
C	I	D	0	0	0	0	0	2	7	6	7
C	I	D	0	0	0	0	0	5	0	7	3
C	I	D	0	7	1	3	0	0	9	0	1
C	I	D	0	0	0	0	0	5	0	7	3
C	I	D	0	0	0	0	0	5	0	7	3
C	I	D	0	0	0	4	4	6	5	5	6
C	I	D	0	0	0	0	0	0	9	4	2
C	I	D	0	0	5	3	1	0	9	6	6
A
C	I	D	0	0	0	0	0	3	9	5	5
C	I	D	0	1	1	9	6	0	5	2	9
